Brandon Tsang
April 11, 2018
Assignment 17.1-15: Loops Worksheet parts 1-15
ICS3U1-07 | Ms. Strelkovska

1. 15
   16
   17
   18
   19

2. 16
   17
   18
   19

3. 16
   17
   18
   19
   20

4. 15
   14
   13
   12
   .
   .
   . (infinite loop)

5. 15
   14
   13
   12
   11

6. a) 15
      17
      19

   b) 15
      17
      19
      51

7. 16
   18

8. 21

9. a)

   b) 0 1 2 3 4 5 6 7

10.

11. 1 5 9 13 17  abcde

12. 15 16 17 18 19 20

13. 15
    17
    18
    19

14. #####
    #####
    #####
    #####
    #####
    #####
    #####

15. 1 2 3 4 5
    2 4 6 8 10
    3 6 9 12 15
    4 8 12 16 20
    5 10 15 20 25 
